       3 2 3
       2 1 2
       3 2 3

        1
      1   1
    1   1   1
  2   1   1   3
  2 2   1   3 3
  2 2 2   3 3 3
    2 2   3 3
      2   3


       1 8 7
       2 0 6
       3 4 5

1 2 3  3 4 5  5 6 7
a b c  c d e  e f a
A B C  C D E  E F G

       C D E
       B I F
       A H G

       A H G
       0 0 0
       1 8 7



       1 1 1
       1 1 1
       1 1 1

2 2 3  3 3 3  4 4 4
2 2 2  3 3 3  4 4 4
2 2 2  3 3 3  4 4 4

       5 5 5
       5 5 5
       5 5 5

       6 6 6
       6 6 6
       6 6 6       